Run semi-empirical minimization
 &qmmm
    qm_theory='AM1', grms_tol=0.0005,
 scfconv=1.d-10, ndiis_attempts=700,   qmcharge=0,
 /
   7     N        2.0270       -3.2520        1.8780 
   6     C        1.4900       -2.1520        1.2250 
   7    N1        2.3530       -1.2570        0.7230 
   6    C1        1.8590       -0.1730        0.0960 
   6    C2        2.8190        0.7900       -0.4310 
   6    C3        2.6920        1.9930       -1.1030 
   6    C4        4.0040        2.4660       -1.3530 
   6    C5        4.8540        1.5270       -0.8180 
   8     O        4.1500        0.5110       -0.2580 
   7    N2        0.5640        0.1400       -0.0970 
   6    C6       -0.2840       -0.7780        0.4110 
   6    C7        0.1130       -1.9290        1.0860 
   6    C8       -1.0590       -2.6150        1.4750 
   6    C9       -2.1340       -1.8730        1.0440 
   7    N3       -1.6830       -0.7410        0.3780 
   6   C10       -2.5300        0.2540       -0.2190 
   6   C11       -2.0120        1.2610       -1.0380 
   6   C12       -2.8830        2.1910       -1.5870 
   7    N4       -4.2150        2.1920       -1.3810 
   6   C13       -4.6990        1.2150       -0.5910 
   6   C14       -3.9130        0.2380        0.0040 
   1     H        3.0060       -3.0920        2.0910 
   1    H1        1.4620       -3.6260        2.6270 
   1    H2        1.7580        2.4640       -1.3760 
   1    H3        4.2940        3.3760       -1.8580 
   1    H4        5.9290        1.4380       -0.7560 
   1    H5       -1.1140       -3.5560        2.0080 
   1    H6       -3.1860       -2.0940        1.1440 
   1    H7       -0.9640        1.3480       -1.2890 
   1    H8       -2.5150        2.9840       -2.2330 
   1    H9       -5.7740        1.2380       -0.4360 
   1   H10       -4.4100       -0.4890        0.6340 

