Run semi-empirical minimization
 &qmmm
    qm_theory='AM1', grms_tol=0.0005,
 scfconv=1.d-10, ndiis_attempts=700,   qmcharge=0,
 /
   6     C        0.6960        0.4960        3.2950 
   8     O        1.8650        0.7410        3.0830 
   7     N        0.3020        0.0960        4.5200 
   6    C1        1.2860       -0.0430        5.5960 
   6    C2        0.5830       -0.5070        6.8730 
   6    C3       -0.3160        0.6410        2.1880 
   8    O1        0.3330        0.9970        0.9490 
   6    C4       -0.9790       -0.7240        1.8730 
   8    O2       -2.0990       -0.9620        2.7280 
   6    C5       -1.4350       -0.5300        0.4050 
   8    O3       -2.8180       -0.1720        0.3540 
   6    C6       -0.5590        0.6260       -0.1140 
   7    N1        0.2100        0.1870       -1.2800 
   6    C7        1.4450       -0.3880       -1.2610 
   7    N2        1.8320       -0.6520       -2.4760 
   6    C8        0.8710       -0.2640       -3.3490 
   6    C9        0.7350       -0.2970       -4.7470 
   7    N3        1.7380       -0.8210       -5.5440 
   7    N4       -0.3790        0.1840       -5.2860 
   6   C10       -1.3410        0.6850       -4.5340 
   7    N5       -1.2570        0.7370       -3.2210 
   6   C11       -0.1820        0.2730       -2.5920 
   1     H       -0.6320       -0.0990        4.6890 
   1    H1        1.7680        0.9170        5.7760 
   1    H2        2.0380       -0.7780        5.3080 
   1    H3        1.3150       -0.6120        7.6740 
   1    H4       -0.1680        0.2270        7.1620 
   1    H5        0.1010       -1.4690        6.6940 
   1    H6       -1.0700        1.3820        2.4530 
   1    H7       -0.2530       -1.5330        1.9520 
   1    H8       -1.7490       -1.0740        3.6230 
   1    H9       -1.2540       -1.4350       -0.1740 
   1   H10       -3.3150       -0.9310        0.6900 
   1   H11       -1.1880        1.4750       -0.3830 
   1   H12        2.0190       -0.5940       -0.3700 
   1   H13        1.6330       -0.8380       -6.5080 
   1   H14        2.5470       -1.1700       -5.1380 
   1   H15       -2.2300        1.0670       -5.0130 

