Run semi-empirical minimization
 &qmmm
    qm_theory='AM1', grms_tol=0.0005,
 scfconv=1.d-10, ndiis_attempts=700,   qmcharge=0,
 /
   6     C        1.6420      103.0100       55.7990 
   6    C1        1.3650      104.3640       55.6720 
   6    C2        0.1430      104.7470       55.1480 
   8     O       -0.1740      106.1290       54.9980 
   6    C3       -0.7910      103.7770       54.7640 
   6    C4       -0.5150      102.4240       54.8580 
   6    C5        0.6820      102.0420       55.4110 
   6    C6        0.9900      100.5800       55.5100 
   6    C7        1.9100      100.3800       54.3160 
   7     N        2.3130       99.0160       54.2020 
   6    C8        1.4570       98.1160       53.5180 
   7    N1        1.8680       96.8860       53.3500 
   7    N2        0.2830       98.6170       53.1170 
   6    C9       -0.5200       97.7590       52.4980 
   7    N3       -1.7310       98.2890       52.0640 
   7    N4       -0.1180       96.5010       52.2980 
   7    N5       -0.7810       95.4710       51.7410 
   6   C10        1.0480       96.0690       52.7200 
   7    N6        1.2050       94.8120       52.4130 
   6   C11        0.0480       94.4730       51.8090 
   6   C12       -0.2690       93.2320       51.3250 
   6   C13        0.4580       92.0960       51.1450 
   6   C14       -0.4620       91.1820       50.6770 
   6   C15       -1.6900       91.7760       50.6020 
   8    O1       -1.5730       93.0240       51.0240 
   1     H        2.4590      102.7360       56.1490 
   1    H1        1.9870      105.0020       55.9390 
   1    H2       -0.2950      106.3040       54.1750 
   1    H3       -1.6020      104.0490       54.4000 
   1    H4       -1.1460      101.7900       54.6030 
   1    H5        0.1840      100.0490       55.4190 
   1    H6        1.4500      100.3780       56.3390 
   1    H7        2.6970      100.9360       54.4230 
   1    H8        1.4430      100.6420       53.5070 
   1    H9        3.0560       98.7470       54.5390 
   1   H10       -1.8020       99.1330       51.9150 
   1   H11       -2.4080       97.7720       51.9440 
   1   H12        1.3680       91.9700       51.2890 
   1   H13       -0.2740       90.3040       50.4360 
   1   H14       -2.4770       91.3680       50.3180 

