Run semi-empirical minimization
 &qmmm
    qm_theory='AM1', grms_tol=0.0005,
 scfconv=1.d-10, ndiis_attempts=700,   qmcharge=-1,
 /
   6     C        6.9680        0.5560       -3.0050 
   6    C1        6.1990       -0.2370       -1.9600 
   6    C2        6.5040        0.2610       -0.5470 
   6    C3        5.8410       -0.5770        0.5510 
   6    C4        4.3090       -0.6550        0.4960 
   6    C5        3.6020        0.7030        0.5720 
   8     O        4.0030        1.3790        1.7560 
   6    C6        2.1020        0.5300        0.5280 
   6    C7        1.2410        0.7410        1.5400 
   6    C8       -0.2630        0.5790        1.5400 
   6    C9       -0.8710        1.9610        1.7750 
   8    O1       -0.7470        2.6030        2.8130 
   6   C10       -1.6290        2.4710        0.5770 
   6   C11       -1.1600        1.5000       -0.4970 
   8    O2       -2.0220        1.4780       -1.6140 
   6   C12       -0.9720        0.1520        0.2290 
   6   C13       -2.2720       -0.6180        0.5710 
   6   C14       -2.9470       -1.2380       -0.6190 
   6   C15       -4.2250       -1.0800       -1.0020 
   6   C16       -5.2800       -0.2140       -0.3700 
   6   C17       -6.2920       -0.9980        0.4680 
   6   C18       -7.1490       -1.9560       -0.3560 
   6   C19       -8.2630       -2.6570        0.4260 
   8    O3       -8.3190       -2.4220        1.6640 
   8    O4       -9.0010       -3.3990       -0.2840 
   1     H        6.7050        1.6170       -2.9630 
   1    H1        6.7340        0.1860       -4.0080 
   1    H2        8.0480        0.4630       -2.8520 
   1    H3        5.1280       -0.1490       -2.1720 
   1    H4        6.4630       -1.2980       -2.0460 
   1    H5        7.5890        0.2340       -0.3840 
   1    H6        6.2070        1.3110       -0.4500 
   1    H7        6.2380       -1.5990        0.5040 
   1    H8        6.1470       -0.1770        1.5260 
   1    H9        3.9900       -1.2720        1.3480 
   1   H10        3.9980       -1.1920       -0.4070 
   1   H11        3.8920        1.3300       -0.2780 
   1   H12        3.5090        2.2160        1.7820 
   1   H13        1.7320        0.1990       -0.4390 
   1   H14        1.6430        1.0450        2.5090 
   1   H15       -0.5440       -0.0790        2.3700 
   1   H16       -1.3460        3.4980        0.3370 
   1   H17       -2.7060        2.4140        0.7540 
   1   H18       -0.1860        1.8380       -0.8720 
   1   H19       -2.9000        1.1560       -1.3410 
   1   H20       -0.3510       -0.5180       -0.3770 
   1   H21       -2.0130       -1.4480        1.2420 
   1   H22       -2.9540        0.0180        1.1410 
   1   H23       -2.3360       -1.9280       -1.2000 
   1   H24       -4.5650       -1.6450       -1.8710 
   1   H25       -4.8260        0.5590        0.2590 
   1   H26       -5.8020        0.3300       -1.1670 
   1   H27       -6.9440       -0.2760        0.9760 
   1   H28       -5.7690       -1.5530        1.2580 
   1   H29       -6.5210       -2.7380       -0.7980 
   1   H30       -7.6200       -1.4070       -1.1820 

