Run semi-empirical minimization
 &qmmm
    qm_theory='AM1', grms_tol=0.0005,
 scfconv=1.d-10, ndiis_attempts=700,   qmcharge=-1,
 /
   7     N       -2.1940        3.3630        0.8670 
   6     C       -1.7930        2.1020        0.4680 
   7    N1       -0.4910        1.8470        0.4880 
   6    C1       -0.1000        0.6010        0.1370 
   6    C2        1.3500        0.3780        0.2120 
   6    C3        1.9050       -0.5050        1.1450 
   6    C4        3.2870       -0.7450        1.1720 
   6    C5        4.1920       -0.1250        0.2950 
   8     O        5.4440       -0.3610        0.3190 
   6    C6        3.6060        0.7780       -0.6090 
   6    C7        2.2260        1.0340       -0.6550 
   6    C8       -1.0090       -0.3920       -0.2570 
   6    C9       -0.6740       -1.7040       -0.6820 
   6   C10       -1.6730       -2.5960       -1.0420 
   9     F       -1.3540       -3.8330       -1.4400 
   6   C11       -3.0040       -2.2170       -0.9930 
   6   C12       -3.3290       -0.9220       -0.5820 
   6   C13       -2.3540        0.0000       -0.2170 
   7    N2       -2.7450        1.2220        0.1550 
   1     H       -3.1120        3.3050        1.2810 
   1    H1       -1.4540        3.7630        1.4290 
   1    H2        1.2760       -1.0240        1.8620 
   1    H3        3.6830       -1.4460        1.9070 
   1    H4        4.2570        1.3020       -1.3080 
   1    H5        1.8500        1.7460       -1.3830 
   1    H6        0.3630       -2.0290       -0.7430 
   1    H7       -3.7780       -2.9210       -1.2760 
   1    H8       -4.3740       -0.6210       -0.5510 

