Run semi-empirical minimization
 &qmmm
    qm_theory='AM1', grms_tol=0.0005,
 scfconv=1.d-10, ndiis_attempts=700,   qmcharge=0,
 /
   7     N        1.7480        0.7230       -3.3970 
   6     C        1.7380        0.4160       -2.0520 
   7    N1        0.5610        0.2640       -1.4720 
   6    C1        0.5870       -0.0340       -0.1690 
   6    C2       -0.7110       -0.2080        0.5340 
   6    C3       -0.7840       -0.4690        1.9030 
   6    C4       -2.0280       -0.6250        2.5080 
   6    C5       -3.1850       -0.5170        1.7420 
   6    C6       -3.0550       -0.2560        0.3830 
   7    N2       -4.2050       -0.1360       -0.4460 
   6    C7       -4.1940        0.1260       -1.8000 
   6    C8       -5.5100        0.1550       -2.1930 
   7    N3       -6.3370       -0.0810       -1.1290 
   6    C9       -5.5320       -0.2500       -0.1010 
   7    N4       -1.8450       -0.1050       -0.2150 
   7    N5        1.7040       -0.1930        0.5440 
   6   C10        2.8250       -0.0320       -0.1590 
   6   C11        4.0700       -0.2100        0.5750 
   6   C12        4.3680       -0.4980        1.8950 
   6   C13        5.7790       -0.5440        1.9970 
   6   C14        6.2610       -0.2830        0.7370 
   8     O        5.2370       -0.0810       -0.1310 
   7    N6        2.9020        0.2630       -1.4530 
   1     H        0.8850        0.4310       -3.8340 
   1    H1        2.6150        0.4270       -3.8240 
   1    H2        0.1190       -0.5520        2.5020 
   1    H3       -2.0940       -0.8280        3.5750 
   1    H4       -4.1440       -0.6400        2.2320 
   1    H5       -3.2700        0.2660       -2.3450 
   1    H6       -5.9030        0.3340       -3.1850 
   1    H7       -5.8710       -0.4560        0.9040 
   1    H8        3.6440       -0.6540        2.6830 
   1    H9        6.3730       -0.7430        2.8790 
   1   H10        7.2530       -0.2090        0.3130 

